1e-18 40.17663667127671 41.44653167389282
1.2589254117941713e-18 39.94780613545179 41.21627316459342
1.5848931924611109e-18 39.71898375162824 40.986014655294014
1.995262314968883e-18 39.490169613119704 40.75575614599461
2.5118864315095718e-18 39.26136381484783 40.525497636695206
3.1622776601683795e-18 39.032566453379296 40.2952391273958
3.981071705534985e-18 38.80377762696402 40.06498061809639
5.011872336272715e-18 38.57499743557445 39.83472210879699
6.309573444801943e-18 38.34622598094595 39.604463599497585
7.94328234724279e-18 38.11746336661851 39.37420509019818
1e-17 37.888709697979486 39.14394658089878
1.2589254117941713e-17 37.65996508230787 38.91368807159937
1.584893192461111e-17 37.43122962881968 38.68342956229997
1.9952623149688827e-17 37.202503448714786 38.45317105300056
2.5118864315095718e-17 36.973786655225204 38.22291254370116
3.1622776601683796e-17 36.745079363664814 37.99265403440175
3.9810717055349855e-17 36.51638169148062 37.76239552510235
5.0118723362727144e-17 36.287693758305586 37.532137015802945
6.309573444801943e-17 36.05901568601314 37.30187850650354
7.943282347242789e-17 35.83034759877338 37.07161999720414
1e-16 35.60168962311099 36.841361487904734
1.2589254117941662e-16 35.37304188796511 36.611102978605324
1.5848931924611109e-16 35.144404524750996 36.38084446930592
1.995262314968883e-16 34.915777667423754 36.15058596000652
2.511886431509582e-16 34.687161452544046 35.92032745070711
3.1622776601683793e-16 34.458556019346034 35.69006894140771
3.9810717055349695e-16 34.22996150980743 35.459810432108306
5.011872336272715e-16 34.00137806872198 35.2295519228089
6.309573444801943e-16 33.77280584377424 34.99929341350949
7.943282347242821e-16 33.54424498561693 34.76903490421009
1e-15 33.31569564795083 34.538776394910684
1.2589254117941663e-15 33.08715798760742 34.30851788561128
1.584893192461111e-15 32.85863216463431 34.07825937631188
1.995262314968883e-15 32.630118342383604 33.84800086701247
2.511886431509582e-15 32.40161668760335 33.61774235771307
3.1622776601683794e-15 32.1731273705321 33.38748384841366
3.9810717055349695e-15 31.944650564996827 33.157225339114255
5.0118723362727146e-15 31.716186448514303 32.92696682981485
6.309573444801943e-15 31.487735202396042 32.69670832051545
7.943282347242822e-15 31.259297011857026 32.466449811216044
1e-14 31.03087206612831 32.23619130191664
1.2589254117941714e-14 30.802460558573756 32.00593279261723
1.584893192461111e-14 30.574062686810997 31.775674283317834
1.9952623149688828e-14 30.345678652836845 31.545415774018423
2.5118864315095823e-14 30.117308663157406 31.31515726471902
3.1622776601683796e-14 29.88895292892297 31.084898755419616
3.981071705534986e-14 29.66061166606804 30.85464024612021
5.0118723362727144e-14 29.432285095456656 30.62438173682081
6.309573444801943e-14 29.20397344303322 30.3941232275214
7.943282347242822e-14 28.975676939979216 30.163864718221998
1e-13 28.74739582287591 29.933606208922594
1.2589254117941713e-13 28.51913033387347 29.703347699623187
1.584893192461111e-13 28.290880720866756 29.473089190323787
1.9952623149688827e-13 28.062647237677993 29.24283068102438
2.511886431509582e-13 27.834430144246898 29.012572171724976
3.162277660168379e-13 27.606229706828337 28.782313662425572
3.9810717055349854e-13 27.378046198198096 28.55205515312616
5.011872336272715e-13 27.149879897867077 28.321796643826765
6.309573444801942e-13 26.921731092304295 28.091538134527354
7.943282347242822e-13 26.693600075169243 27.86127962522795
1e-12 26.465487147553937 27.631021115928547
1.2589254117941713e-12 26.237392618235273 27.40076260662914
1.584893192461111e-12 26.009316803938134 27.17050409732974
1.9952623149688827e-12 25.781260029609818 26.940245588030333
2.5118864315095823e-12 25.553222628706454 26.70998707873093
3.1622776601683794e-12 25.325204943491876 26.479728569431526
3.981071705534986e-12 25.097207325349792 26.24947006013212
5.011872336272715e-12 24.869230135109834 26.01921155083272
6.309573444801943e-12 24.641273743388275 25.78895304153331
7.943282347242821e-12 24.413338530944262 25.558694532233908
1e-11 24.1854248890523 25.328436022934504
1.2589254117941713e-11 23.95753321989201 25.098177513635093
1.5848931924611107e-11 23.72966393695606 24.867919004335697
1.9952623149688828e-11 23.50181746547729 24.637660495036286
2.5118864315095823e-11 23.273994242876167 24.407401985736882
3.1622776601683794e-11 23.046194719229685 24.17714347643748
3.9810717055349857e-11 22.818419357763002 23.94688496713807
5.011872336272715e-11 22.590668635365127 23.71662645783867
6.309573444801942e-11 22.362943043130052 23.486367948539264
7.943282347242822e-11 22.13524308692493 23.25610943923986
1e-10 21.907569287986796 23.025850929940457
1.2589254117941662e-10 21.679922183549746 22.795592420641054
1.5848931924611173e-10 21.452302327504256 22.565333911341646
1.9952623149688828e-10 21.224710291090847 22.335075402042243
2.511886431509582e-10 20.997146663630026 22.10481689274284
3.1622776601683795e-10 20.769612053291024 21.874558383443436
3.9810717055349694e-10 20.542107087901666 21.64429987414403
5.011872336272735e-10 20.314632415802112 21.41404136484462
6.309573444801942e-10 20.087188706745344 21.183782855545218
7.943282347242822e-10 19.859776652847444 20.953524346245814
1e-09 19.632396969591046 20.72326583694641
1.2589254117941663e-09 19.4050503968856 20.493007327647007
1.5848931924611173e-09 19.177737700188196 20.2627488183476
1.9952623149688828e-09 18.950459671689355 20.032490309048196
2.511886431509582e-09 18.723217131568113 19.802231799748792
3.1622776601683795e-09 18.496010929321493 19.57197329044939
3.9810717055349855e-09 18.268841945173595 19.34171478114998
5.011872336272735e-09 18.04171109157015 19.111456271850578
6.309573444801943e-09 17.814619314764716 18.881197762551174
7.943282347242822e-09 17.58756759650348 18.65093925325177
1e-08 17.36055695581593 18.420680743952367
1.2589254117941714e-08 17.133588450919575 18.190422234652956
1.5848931924611173e-08 16.906663181247495 17.960163725353553
1.995262314968883e-08 16.679782289608262 17.72990521605415
2.511886431509582e-08 16.45294696448879 17.499646706754746
3.162277660168379e-08 16.22615844251153 17.269388197455342
3.9810717055349855e-08 15.999418011058616 17.039129688155935
5.011872336272735e-08 15.772727011076624 16.80887117885653
6.309573444801943e-08 15.5460868400771 16.578612669557128
7.943282347242822e-08 15.319498955349445 16.348354160257724
1e-07 15.092964877404324 16.11809565095832
1.2589254117941715e-07 14.86648619366773 15.887837141658911
1.5848931924611173e-07 14.640064562447858 15.657578632359508
1.995262314968883e-07 14.413701717199165 15.427320123060104
2.5118864315095823e-07 14.187399471110771 15.1970616137607
3.162277660168379e-07 13.961159722049057 14.966803104461297
3.9810717055349856e-07 13.734984457887737 14.73654459516189
5.011872336272736e-07 13.508875762262269 14.506286085862484
6.309573444801942e-07 13.282835820789652 14.27602757656308
7.943282347242822e-07 13.056866927799392 14.045769067263677
1e-06 12.830971493626645 13.815510557964274
1.2589254117941714e-06 12.605152052524653 13.585252048664866
1.5848931924611175e-06 12.379411271260441 13.354993539365463
1.995262314968883e-06 12.153751958465447 13.12473503006606
2.5118864315095823e-06 11.928177074821871 12.894476520766656
3.162277660168379e-06 11.702689744175524 12.664218011467252
3.981071705534985e-06 11.477293265677798 12.433959502167843
5.011872336272735e-06 11.251991127072756 12.20370099286844
6.309573444801943e-06 11.026787019260839 11.973442483569036
7.943282347242822e-06 10.801684852288604 11.743183974269632
1e-05 10.576688772934599 11.512925464970229
1.2589254117941714e-05 10.35180318408552 11.28266695567082
1.5848931924611175e-05 10.127032766124874 11.052408446371416
1.995262314968883e-05 9.902382500588908 10.822149937072012
2.5118864315095822e-05 9.677857696383093 10.591891427772609
3.1622776601683795e-05 9.45346401889719 10.361632918473205
3.981071705534986e-05 9.229207522410109 10.131374409173798
5.011872336272735e-05 9.005094686238369 9.901115899874394
6.309573444801943e-05 8.781132455156328 9.67085739057499
7.943282347242822e-05 8.557328284705001 9.440598881275587
0.0001 8.333690192112046 9.210340371976182
0.00012589254117941712 8.110226813672586 8.980081862676775
0.00015848931924611174 7.886947469593641 8.749823353377371
0.00019952623149688828 7.66386223749007 8.519564844077967
0.0002511886431509582 7.440982035945287 8.289306334778564
0.00031622776601683794 7.2183187198248255 8.05904782547916
0.00039810717055349854 6.995885189368467 7.828789316179752
0.0005011872336272735 6.773695515502971 7.5985308068803485
0.0006309573444801943 6.551765084333824 7.368272297580945
0.0007943282347242822 6.3301107644187224 7.13801378828154
0.001 6.108751101233728 6.907755278982137
0.0012589254117941714 5.887706544263895 6.677496769682729
0.0015848931924611173 5.66699971344775 6.447238260383325
0.001995262314968883 5.446655713365996 6.2169797510839215
0.002511886431509582 5.2267025057070695 5.986721241784518
0.0031622776601683794 5.007171353326238 5.756462732485114
0.0039810717055349856 4.788097352863893 5.526204223185706
0.005011872336272735 4.569520077712876 5.295945713886303
0.006309573444801942 4.351484359562549 5.065687204586899
0.00794328234724282 4.134041245424444 4.835428695287495
0.01 3.9172491788627406 4.605170185988091
0.012589254117941713 3.7011754704319046 4.374911676688684
0.01584893192461111 3.4858981450158755 4.144653167389284
0.01995262314968883 3.271508285798414 3.914394658089876
0.025118864315095923 3.058113040434826 3.6841361487904685
0.03162277660168379 2.845839521535013 3.4538776394910684
0.03981071705534985 2.63483993162728 3.223619130191661
0.050118723362727144 2.425298389593579 2.993360620892261
0.06309573444801943 2.217440159046925 2.763102111592853
0.07943282347242854 2.011544325021077 2.5328436022934455
0.1 1.8079615095233432 2.3025850929940455
0.12589254117941714 1.607139085254728 2.072326583694638
0.1584893192461111 1.4096577483079034 1.8420680743952382
0.19952623149688828 1.2162855740523066 1.6118095650958304
0.25118864315095923 1.0280592621678115 1.3815510557964226
0.31622776601683794 0.8464075350725125 1.1512925464970227
0.39810717055349853 0.6733375686994227 0.921034037197615
0.5011872336272715 0.5117041169910163 0.6907755278982154
0.6309573444801942 0.3655390023180481 0.46051701859880756
0.7943282347242854 0.24022732408325628 0.2302585092993997
1.0 0.14178582260244596 -0.0
1.2589254117941713 0.07402065984221957 -0.2302585092994078
1.584893192461111 0.03451314492432139 -0.4605170185988075
1.9952623149688828 0.014863447573418296 -0.6907755278982153
2.5118864315095926 0.006127667064841015 -0.9210340371976232
3.1622776601683795 0.0024753684608987522 -1.151292546497023
3.9810717055349856 0.000991329188135326 -1.3815510557964308
5.011872336272715 0.000395596815215889 -1.6118095650958304
6.309573444801943 0.00015763990341762055 -1.8420680743952382
7.943282347242854 6.278139279482299e-05 -2.072326583694646
